1501
2596
5816
79625
7466
8001
5743
7225
5924
51760
146395
25945
9754
115265
64881
284339
23129
1501
2596
5816
65108
18
60312
121551
793
794
885
1005
116372
85445
5179
9547
6337
604
2066
1181
2571
25849
2115
3290
116443
56675
10855
22987
3359
255488
3746
56204
28951
3815
64798
3956
246213
4045
4604
6574
81831
9760
4842
348980
8654
1428
144501
5649
8153
57715
56475
140679
6529
4635
5136
84959
132204
6866
81615
7054
64403
7138
3491
7432
56925
7091
5173
59345
1267
84628
2934
7134
1465
1490
5360
477
3678
8613
64102
63827
2697
4240
2596
5816
1501
2596
5816
79625
7466
8001
5743
7225
5924
51760
146395
25945
9754
115265
64881
284339
23129
65108
116372
5179
604
1181
25849
2115
3290
56675
22987
28951
64798
246213
6574
9760
348980
1428
144501
56475
4635
5136
81615
64403
3491
56925
7091
59345
84628
7134
1490
3678
64102
18
60312
121551
793
794
885
1005
85445
9547
1749
2066
2571
116443
3359
255488
3746
56204
3815
3956
4045
4604
81831
4842
4861
8654
5649
8153
57715
140679
6529
132204
6866
7054
7138
7432
5173
1267
2934
1465
5360
477
8613
63827
2697
4240
1501
2596
5816
79625
7466
8001
5743
7225
5924
51760
146395
25945
9754
115265
64881
284339
23129
65108
116372
5179
6337
604
1181
25849
1501
2115
3290
2596
56675
22987
5816
28951
18
60312
121551
793
64798
794
246213
885
6574
1005
9760
348980
85445
1428
144501
56475
4635
9547
5136
81615
64403
3491
2066
56925
2571
7091
59345
116443
84628
10855
3359
255488
3746
7134
56204
1490
3678
64102
3815
3956
4045
4604
81831
4842
4861
8654
5649
8153
57715
140679
6529
84959
132204
6866
7054
7138
7432
5173
1267
2934
1465
5360
477
8613
63827
2697
4240
1501
2596
5816
79625
7466
8001
5743
7225
5924
51760
146395
25945
9754
115265
64881
284339
23129
65108
116372
5179
6337
604
1181
25849
2115
3290
56675
22987
28951
64798
246213
6574
9760
348980
1428
144501
56475
4635
5136
81615
64403
3491
56925
7091
84628
7134
1490
3678
5121
5121
5121
5121
9607
9607
9607
1501
2596
1501
2596
5816
9607
5121
2555
2556
2557
2560
5816
2561
2562
2563
2568
55879
18
60312
121551
793
794
885
1005
85445
9547
2569
2891
2892
2893
2900
1139
152404
386618
493
9607
51302
2571
284654
93664
116443
301
10855
79656
3359
10447
23432
255488
3746
56204
57604
3815
57687
114801
57419
143425
7223
255631
8707
93986
3953
23213
3956
3045
4045
4604
230
81831
2670
6678
57657
3709
4842
4861
1501
2596
5816
8654
9607
5121
5649
786
8153
10369
57715
10368
27092
140679
27091
59283
1136
6529
8973
55584
1142
84959
132204
6866
1182
1184
1186
1193
54102
6336
11280
6323
6326
6328
55800
6332
6334
6338
6339
140803
2890
2894
2895
2898
2899
2901
2902
2904
7054
7138
7432
5173
1267
2934
1465
5360
477
8613
63827
2697
4240
9607
1501
2596
5816
9607
5121
2555
2556
2557
2560
2561
2562
2563
2568
55879
2569
2891
2892
2893
2900
1139
152404
386618
493
9607
51302
284654
93664
301
79656
10447
23432
57604
57687
114801
57419
143425
7223
255631
8707
93986
3045
230
2670
6678
57657
3709
1501
2596
5816
9607
5121
784
786
10369
10368
27092
27091
1136
8973
55584
1142
1144
9635
1182
1184
1185
1186
1187
1192
1193
25932
54102
6336
11280
6323
6326
6328
55800
6329
6331
6332
6334
6338
6339
6340
140803
2890
2894
2895
2898
2899
2901
2902
2904
116444
1501
2596
5816
9607
5121
133
148
8644
1299
1339
27132
2572
11245
10888
7881
3790
3857
55203
64067
4887
7026
54510
5368
11098
5816
51289
10512
6863
7058
7080
388121
1207
1259
1260
1262
2741
2742
2743
3744
3737
3738
3739
3741
3742
3745
1501
2596
5816
9607
5121
9312
3747
3750
3752
3753
10008
3754
3757
23416
23415
27133
81033
90134
131096
3767
3773
3760
3762
3775
89822
10089
3779
10242
27345
3783
3785
3786
56479
3788
57582
343450
774
776
779
781
55799
782
1501
2596
5816
9607
5121
11095
133
148
8644
1299
1339
27132
1652
23052
2572
11245
10888
7881
56659
3790
115207
3857
55203
64067
4887
7026
54510
5368
11098
5816
10512
6863
7058
7080
1501
2596
5816
9607
5121
9312
3747
3750
3752
3753
10008
3754
3757
23416
23415
27133
81033
90134
131096
3758
1207
3767
1260
1262
2741
3760
2743
3737
3738
3739
3741
3742
3745
3775
89822
338567
8645
3779
10242
27345
3783
3785
3786
56479
3788
57582
343450
169522
774
776
781
55799
782
1501
1501
2596
5816
9607
5121
2596
5816
9607
5121
9900
9899
8224
8831
9144
8867
6855
1501
341359
23208
2596
91683
5816
84258
9607
6860
5121
6861
148281
2247
6506
54843
94121
6507
10564
6843
6844
1325
9341
2070
4852
8674
8673
6571
6572
1141
6505
6509
6511
6512
151295
6513
6538
6539
6540
11254
6531
6535
7018
135
140
154
186
1501
2596
5816
9607
5121
9900
9899
8224
8831
9144
8867
6855
284612
6857
341359
23208
91683
84258
6860
6861
148281
54843
94121
6843
6844
9341
8674
8673
6571
6572
6505
6509
6511
6512
151295
6513
6538
6539
6540
6535
7018
135
154
553
40
23316
6096
7074
1291
8492
53405
54437
273
8927
84062
11337
23710
11345
23426
80852
9456
22871
57502
57502
3084
6616
9342
23557
9751
6640
6641
54212
8676
23673
415117
6809
6810
8417
134957
1501
2596
5816
9607
5121
1501
2596
5816
9607
5121
1501
2596
5816
9607
5121
554
887
1128
1129
1133
1395
1812
1910
2550
9568
83550
2835
2845
2861
9248
9289
54329
84059
2911
2912
2913
2914
2917
2918
2925
3350
3354
1501
2596
5816
9607
5121
3355
3356
3358
3361
3362
59352
2847
84539
2832
4886
4889
4985
4986
4987
4988
5021
6751
6869
333
334
351
488
10159
3643
3949
4035
7804
4804
4915
4916
5329
1501
2596
9607
836
840
1312
1351
1371
1610
1621
1804
2739
2747
27429
3981
4128
4129
5048
8050
26227
10585
5625
5860
64852
10535
79621
84153
6611
6647
6999
7166
7337
7345
107
108
9639
23229
572
581
8851
51654
55755
1499
1501
27185
1501
2596
9607
5121
50632
2332
2885
11141
3628
30818
5530
11069
6197
6622
9627
6620
6623
161582
2100
2908
4929
2260
2263
10846
5142
2
5653
5328
26053
80184
3398
54674
54806
7249
9575
7494
2173
1476
9228
9211
203190
55227
57142
2055
9949
1501
2596
9607
5121
836
840
1312
1351
1371
1610
1621
1644
1804
2739
2747
3981
4128
4129
5048
8050
26227
10585
5625
5860
64852
10535
79621
84153
6611
6647
6999
7166
7337
7345
107
108
9639
23229
572
581
8851
8941
51654
55755
1499
1501
27185
1501
2596
9607
5121
50632
2332
2885
11141
3628
30818
5530
11069
6622
6620
6623
161582
367
2100
2908
4929
2260
2263
10846
5142
2
323
5653
5328
26053
80184
3398
54674
54806
7249
9575
7494
2173
1476
9228
9211
203190
55227
57142
2055
9949
1501
2596
9607
1501
2596
9607
5121
5121
79625
7466
8001
5743
5924
51760
146395
25945
9754
115265
64881
23129
65108
116372
5179
604
1181
25849
2115
3290
56675
22987
28951
64798
246213
6574
9760
348980
1428
144501
56475
4635
5136
81615
64403
3491
56925
7091
59345
84628
7134
1490
3678
64102
18
60312
121551
793
794
1005
85445
2066
2571
116443
10855
3359
255488
3746
56204
3815
3956
4045
4604
81831
4842
4861
8654
5649
8153
57715
140679
6529
84959
132204
6866
7054
7432
5173
1267
2934
1465
5360
477
8613
63827
2697
4240
1501
2596
9607
5121
79625
7466
8001
5743
7225
5924
51760
146395
25945
9754
115265
64881
23129
65108
116372
5179
604
1181
25849
2115
3290
56675
22987
28951
64798
246213
6574
9760
348980
1428
144501
56475
4635
5136
81615
64403
3491
56925
7091
59345
84628
7134
1490
3678
1501
2596
9607
5121
18
60312
121551
793
794
1005
85445
2066
2571
116443
3359
255488
3746
56204
3815
3956
4045
4604
81831
4842
4861
8654
5649
8153
57715
140679
6529
84959
132204
6866
7054
7432
5173
1267
2934
1465
5360
477
8613
63827
2697
4240
1501
2596
9607
5121
79625
7466
5743
7225
5924
51760
146395
25945
115265
64881
23129
65108
5179
604
1181
25849
2115
3290
56675
22987
28951
64798
246213
6574
348980
1428
144501
56475
5136
81615
64403
3491
56925
7091
59345
84628
7134
1490
1501
2596
9607
5121
18
60312
121551
793
794
1005
85445
2066
2571
116443
10855
3359
255488
3746
56204
3815
3956
4045
4604
81831
4842
5649
8153
57715
140679
6529
84959
132204
6866
7054
7138
7432
5173
1267
2934
1465
5360
477
8613
63827
2697
4240
1501
2596
9607
5121
79625
7466
8001
7225
5924
51760
9754
115265
64881
23129
65108
116372
5179
1181
25849
2115
3290
56675
22987
28951
9760
348980
1428
144501
56475
4635
5136
81615
64403
3491
56925
59345
84628
7134
1490
3678
64102
1501
2596
9607
5121
18
60312
121551
793
794
1005
85445
9547
2066
2571
116443
10855
3359
255488
3746
56204
3815
3956
4045
4604
81831
4842
8654
5649
8153
57715
140679
6529
84959
132204
6866
7054
7138
7432
5173
1267
2934
1465
5360
477
8613
63827
2697
4240
1501
2596
9607
5121
79625
7466
8001
5743
7225
5924
51760
9754
115265
64881
284339
23129
65108
116372
5179
6337
604
1181
25849
2115
3290
56675
28951
64798
246213
6574
9760
348980
1428
144501
56475
4635
5136
81615
64403
3491
56925
7091
59345
84628
7134
1490
3678
1501
2596
9607
5121
64102
18
60312
121551
793
794
885
1005
85445
9547
1749
2066
2571
116443
10855
3359
255488
3746
3815
3956
4045
81831
4842
4861
8654
5649
8153
57715
140679
6529
84959
132204
6866
7054
7138
7432
5173
2934
1465
5360
477
8613
63827
2697
4240
1501
2596
9607
5121
79625
7466
8001
5743
7225
5924
51760
146395
25945
9754
115265
64881
284339
23129
65108
116372
6337
1181
25849
2115
3290
56675
28951
64798
246213
6574
9760
348980
1428
144501
56475
4635
5136
81615
64403
3491
56925
7091
59345
84628
7134
1490
3678
1501
2596
9607
5121
64102
18
60312
121551
793
794
885
1005
85445
9547
1749
2066
2571
116443
10855
3359
255488
3746
3815
3956
4045
81831
4842
4861
8654
5649
8153
57715
140679
6529
84959
132204
6866
7054
7138
7432
5173
2934
1465
5360
477
8613
63827
2697
4240
2596
1501
5121
79625
7466
8001
5743
7225
5924
51760
146395
25945
9754
115265
64881
284339
23129
65108
116372
5179
604
1181
25849
2115
3290
56675
22987
28951
64798
246213
6574
9760
348980
1428
144501
56475
4635
5136
81615
64403
3491
56925
7091
59345
84628
7134
1490
3678
64102
2596
1501
9607
79625
7466
8001
5743
7225
5924
51760
146395
25945
9754
115265
64881
284339
23129
65108
116372
1181
25849
2115
3290
56675
22987
28951
64798
246213
6574
9760
348980
1428
144501
56475
4635
5136
81615
64403
3491
56925
7091
59345
84628
7134
1490
3678
64102
2596
1501
2596
1501
2596
1501
2596
1501
5121
18
60312
121551
793
794
1005
85445
9547
2066
2571
116443
10855
3359
255488
3746
3815
3956
4604
81831
4842
4861
8654
5649
8153
57715
140679
6529
84959
132204
6866
7054
7138
7432
5173
1267
2934
1465
5360
477
8613
63827
2697
4240
23117
9607
18
60312
121551
793
794
1005
85445
9547
2066
2571
116443
10855
255488
3746
3815
3956
4045
4604
81831
4842
8654
5649
8153
57715
140679
6529
84959
132204
6866
7054
7138
7432
5173
1267
2934
1465
5360
477
8613
63827
2697
4240
23117
5121
84966
7122
59285
60598
83795
6324
2696
3363
1816
112755
9145
84958
6510
215
1080
6890
6891
3897
4684
4897
9378
4974
56142
60
88
23237
156
157
207
10645
11113
2534
2932
120892
5594
5602
23117
9607
1471
84966
7122
60598
83795
6324
2696
3363
23620
1816
112755
9145
6510
79751
215
1080
6890
6891
3897
4684
4897
9378
4974
56142
60
88
23237
156
157
207
10645
11113
2534
2932
120892
5594
5602
23117
2596
1501
9607
5063
5291
5294
65018
5579
5582
6093
5664
65078
7436
26574
56938
463
468
22809
55729
5080
5978
7472
7592
641339
341
8542
80832
627
2246
2259
3553
4803
4908
4909
4922
5367
1636
43
1646
7915
435
5205
590
642
760
834
2596
1501
5121
5063
5291
5294
65018
5579
5582
6093
5664
65078
7436
26574
56938
463
468
22809
55729
5080
5978
7472
7592
641339
341
8542
80832
627
2246
2259
4803
4908
4922
5367
7040
1636
43
1646
7915
435
5205
590
642
760
834
2596
1501
9607
6330
91156
401498
116
1289
9196
6285
6534
285513
80731
59350
7200
64781
93107
57214
4604
5744
261729
53346
10123
374887
2254
1267
4155
4336
2559
3763
27012
2565
777
778
8913
785
1143
1179
22802
54714
2554
2558
2566
3736
3749
2596
1501
5121
6330
401498
116
25861
6285
6534
285513
80731
59350
176
64781
93107
57214
4604
5744
261729
53346
10123
374887
2254
1267
4155
4336
9424
2559
3763
27012
2565
777
778
8913
785
1143
1179
22802
54714
2554
2558
2566
3736
3749
2596
1501
5121
3751
9992
23704
3766
3770
3759
3761
3764
54207
6326
6327
59284
1188
2907
8514
3782
3776
3780
9459
57194
6792
1855
2664
5728
5999
80279
1641
4130
4747
4159
134
151
185
1131
221395
3269
59340
7433
8811
7201
815
814
1020
2596
1501
5121
4751
5062
6446
65125
51231
478
1463
5663
23780
64111
51052
5020
9659
2760
9215
10558
15
841
54413
6645
6854
6856
1837
158866
1385
1523
2020
2969
4204
4086
148066
9839
10168
6530
6570
116987
7248
26047
8629
546
54862
51185
1741
2245
24140
2596
1501
9607
9992
2596
1501
23704
9607
3766
3768
3770
3759
3764
54207
6326
6327
1188
2907
8514
3782
3776
4751
5062
6446
65125
51231
478
1463
5663
23780
64111
51052
3780
9459
57194
6792
1855
2664
5728
5999
80279
1641
4130
4747
4159
134
151
5020
9659
1717
2760
9215
10558
15
841
54413
6645
6854
6856
1837
158866
1385
1523
2020
2969
4204
4086
148066
9839
10168
6530
6570
116987
7248
26047
8629
546
54862
51185
1741
2245
24140
185
187
1131
221395
3269
59340
7433
8811
7201
815
814
1020
2596
1501
5121
3476
4983
23133
8242
1627
54880
672
55835
1111
1736
54808
2068
2071
2073
157570
26128
79648
4683
79840
8724
259266
545
10084
320
596
598
1508
131578
7276
11315
2065
9638
285025
2596
6453
1501
54820
81565
5116
9607
10048
3476
2596
4983
1501
23133
57731
23345
8242
54882
23117
1627
56257
5121
29117
118924
672
55835
1111
1736
54808
2068
2071
2073
157570
26128
79648
4683
79840
8724
259266
545
10084
320
596
598
1508
131578
7276
5071
11315
2065
9638
285025
6453
54820
81565
5116
10048
8045
57731
2596
1501
23345
54882
23117
9607
118924
54059
29117
55744
64478
1660
1828
374393
9527
399947
728340
728377
8379
92140
84224
5178
221935
8293
55744
64478
1660
1828
374393
9527
399947
728340
728377
6653
8379
92140
9100
84224
5178
729559
389833
8293
645166
6653
10605
727983
9100
5870
6726
10571
1663
729559
9883
4671
389833
11163
1781
376475
11120
401466
9940
63901
23378
4176
7103
66004
25825
1742
9231
9229
645166
10605
727983
5870
6726
10571
1663
9883
4671
11163
1781
376475
11120
9940
63901
23378
4176
7103
66004
25825
1742
9231
9229
2596
1501
9607
2568
2569
786
27091
1136
6511
1804
2596
1501
5121
1193
140803
1260
1262
2741
94121
6511
6538
1804
2596
1501
9607
2562
2563
152404
493
57687
57419
6678
3709
10369
1339
27132
3739
3742
3745
3754
3756
2596
1501
5121
2562
2563
2567
152404
493
57687
57419
3953
23213
2670
6678
57657
3709
10369
27132
1652
23052
55203
64067
4887
3739
3742
3745
3754
170850
3756
3767
2596
1501
5121
27345
3785
781
55799
782
23316
54437
2596
1501
273
8927
9607
6616
6809
6810
8417
134957
8867
6855
6857
91683
6843
6844
6513
6539
6531
1268
1394
27345
3785
55799
782
4852
23316
273
8927
6616
6809
6810
8417
134957
8867
6855
6857
91683
6843
6844
6513
6539
1268
1394
2596
1501
5121
2911
7434
333
4915
4916
8941
2596
1501
9607
2911
3354
3362
333
4915
4916
2596
1501
5121
30818
5530
22930
2908
3398
54806
9228
57142
6096
7074
93664
79656
10447
57604
255631
1291
84966
8707
4828
1471
230
2596
1501
5121
6506
6507
7122
348980
18
60312
121551
793
794
885
1005
85445
9547
1749
2066
2571
116443
3746
3815
3956
4045
5649
140679
6529
132204
6866
7432
2934
1465
477
8613
63827
2697
4240
2596
1501
5121
79625
7466
8001
7225
5924
51760
146395
25945
9754
115265
64881
284339
23129
65108
116372
5179
604
25849
3290
56675
22987
28951
6574
9760
1428
56475
5136
81615
64403
3491
7091
84628
1490
2596
1501
9607
30818
5530
22930
2908
4929
2260
80184
3398
54674
54806
9575
9228
57142
6096
7074
93664
79656
10447
57604
255631
1291
84966
8707
1471
230
6506
6507
7122
2596
1501
5121
148
1299
2572
7881
5816
6863
10564
40
774
784
59285
59283
1182
1186
2596
1501
9607
2561
11095
148
2572
10888
7881
54510
5816
6863
10564
774
776
784
10368
59285
8973
55584
1141
1182
1185
1186
2556
2557
2596
1501
2560
2561
55879
5121
2891
2596
2892
1501
9607
2890
2891
2892
2893
2894
2898
2899
2900
2901
2902
2904
2893
3737
3738
9312
3747
2898
2899
2900
2901
2902
2904
3737
3738
3752
3747
23416
23415
27133
90134
3760
3775
60598
3786
56479
3788
57582
6323
6324
6326
55800
6329
2596
1501
5121
6334
6339
2743
11337
23710
23426
9456
9751
54212
112755
9900
9899
8224
9145
9144
23208
84258
6860
6861
148281
54843
6505
6509
6540
6535
7018
215
6890
3339
3897
4684
3750
2596
1501
9607
6334
3752
23416
6339
6340
2743
23415
11337
23710
27133
11345
23426
3760
3775
9456
3786
56479
3788
57582
6323
9751
6324
6640
6326
55800
54212
23673
112755
9900
9899
8224
8831
9145
23208
6860
6861
148281
54843
6505
6509
79751
6540
7018
3897
4684
2596
1501
5121
4897
9378
4974
60
88
23237
156
157
207
10645
11113
2534
2932
5594
5602
2596
1501
5121
135
1128
1129
1395
1812
1816
1910
2550
9568
2845
5291
65018
2861
9289
5579
5582
107
108
23229
2913
8851
55755
1499
1501
2885
11141
3628
11069
6622
6620
6623
2914
2917
3358
2847
4886
4987
2596
1501
9607
5021
6869
334
887
1128
351
488
10159
1395
3643
3949
4035
7804
5664
65078
1816
2596
2550
1501
9568
9289
2912
2913
2914
2917
2925
3356
3358
2847
4886
4987
4988
6751
334
351
488
10159
4035
7804
65078
2596
1501
5121
7436
2263
5142
2
323
5653
43
9607
4897
9378
4974
60
88
23237
156
157
207
10645
11113
2534
2932
5594
5602
5063
65018
5579
5582
107
108
23229
572
8851
1499
1501
50632
2885
11141
3628
11069
6622
6620
6623
2596
1501
9607
7436
2263
10846
5142
1646
7915
435
590
642
760
1312
1351
1371
2
2739
323
3981
4129
5048
8050
5653
10585
5625
5860
64852
84153
6611
6647
7337
7345
1636
43
1646
7915
435
642
760
1312
1351
1371
2739
3981
4129
5048
8050
10585
5625
5860
64852
84153
6611
6647
7337
7345
2596
1501
5121
3476
4983
23133
8242
1627
54808
2068
2071
2073
157570
26128
79648
4683
8724
10084
320
598
1508
5071
11315
2065
9638
6453
81565
5116
10048
57731
23345
54882
1742
9231
9229
2596
1501
9607
23133
8242
1627
2071
157570
4683
8724
598
1508
131578
5071
11315
2065
9638
285025
6453
54820
81565
5116
10048
8045
57731
23345
54882
1742
9229
2596
1501
5121
23117
29117
118924
54059
55744
64478
1660
1828
374393
9527
399947
728340
728377
8379
92140
84224
5178
8293
6653
9100
389833
645166
10605
5870
6726
10571
1663
9883
4671
11163
1781
376475
11120
401466
63901
23378
4176
7103
66004
25825
2596
1501
9607
23117
29117
118924
55744
64478
1660
1828
374393
9527
399947
728340
728377
8379
92140
84224
5178
8293
6653
9100
389833
645166
10605
727983
5870
6726
10571
1663
4671
11163
1781
376475
11120
401466
9940
63901
23378
4176
7103
66004
25825
2596
1501
5121
26574
56938
468
55729
5978
641339
158866
2020
2969
9839
10168
8542
627
2259
4803
23780
51052
9659
1717
9215
10558
2596
1501
9607
26574
463
468
55729
5080
5978
7472
7592
641339
158866
1385
2969
4086
148066
9839
10168
341
8542
80832
627
2246
2259
3553
4803
4908
4922
5367
23780
64111
51052
5020
9659
1717
9215
10558
2596
1501
5121
6330
91156
401498
116
1289
9196
25861
6285
6534
285513
80731
59350
7200
176
64781
93107
57214
4604
5744
261729
53346
10123
374887
2254
1267
4155
4336
80279
4159
134
151
185
187
1131
221395
3269
59340
7433
8811
7201
1739
1740
2131
761
55997
2596
1501
9607
6330
91156
401498
116
9196
25861
6285
6534
285513
80731
59350
7200
57214
4604
5744
261729
53346
10123
374887
2254
1267
4155
4336
80279
4159
134
151
185
187
1131
221395
3269
59340
7433
8811
7201
1739
1740
2131
761
2596
1501
5121
777
8913
785
1137
1143
1179
22802
1188
54714
2554
2558
2559
2565
2566
2907
3736
8514
3749
3751
9992
23704
3766
3770
3759
3763
3764
54207
3776
9424
3780
3782
27012
6326
6327
6792
2664
5728
5999
2596
1501
9607
777
778
8913
785
1137
1143
1179
22802
1188
54714
2554
2558
2559
2565
2566
2907
3736
8514
3749
3751
9992
23704
3766
3770
3759
3761
3763
3764
54207
3776
9424
3780
3782
27012
6326
6327
9459
57194
6792
1855
2664
5728
5999
2596
1501
5121
815
814
1020
4751
5062
6446
65125
51231
54413
6645
6854
6856
1837
6530
116987
7248
26047
7249
2173
9211
203190
546
54862
1741
24140
7166
5328
4036
1739
2131
761
1641
4130
4747
478
1463
5663
2596
1501
9607
815
814
1020
4751
6446
65125
51231
54413
6645
6854
6856
1837
6530
6570
116987
7248
26047
8629
26053
7249
7494
2173
1476
9211
203190
546
54862
51185
1741
2245
24140
7166
5328
4036
1739
1740
2131
761
1641
4130
4747
478
1463
5663
2596
1501
5121
151
154
185
186
1128
1129
1131
1133
1268
1394
1395
1812
2596
1501
1816
1909
1910
5121
151
154
185
186
887
1128
2550
1129
9568
1131
1132
2798
221395
2835
165829
54328
2845
2827
2861
9248
9289
1268
2830
1394
27201
54329
1395
54112
1812
84059
2911
1816
2912
2913
1909
1910
2914
2550
2917
9568
2918
8811
2798
83550
221395
2835
165829
54328
2842
2845
2827
2861
9248
9289
2830
27201
54329
54112
84059
2911
2912
2913
2914
2917
2918
2596
1501
5121
2925
3061
3269
59340
3350
3351
3354
3355
3356
3357
3358
3362
3363
55366
8549
59352
4157
4158
4159
2847
84539
2832
4886
4889
23620
4986
4987
2834
6751
319100
6869
6865
7201
7433
7434
2596
1501
9607
2925
3061
3062
3269
3350
3355
3356
3358
3361
8549
4157
4158
4159
4161
2847
84539
2832
4886
4889
23620
4985
4986
4987
4988
5021
2834
339403
6751
319100
6869
6870
7201
7433
7434
2596
1501
2596
1501
5121
40
774
776
779
781
55799
782
784
10369
10368
27092
59285
59283
8973
1141
1144
1182
1185
1186
1192
1207
2555
2556
2557
2560
2561
2562
2563
2564
55879
2743
2890
2891
2892
2893
2894
2895
2898
2899
9607
40
774
776
779
781
55799
782
784
10369
10368
27092
59285
59283
8973
1139
55584
1141
1142
1144
1182
1185
1186
1187
1192
54102
1207
2556
2557
2560
2561
2562
2563
2564
2567
55879
2596
2743
2890
1501
2891
2892
2893
2894
5121
2895
2900
2898
2899
2901
2902
2904
57657
3709
3737
3738
3739
3742
3745
9312
3747
3750
3752
3753
10008
3754
170850
3756
3757
23416
23415
27133
81033
90134
131096
3758
3767
3769
3772
3773
3760
3762
3775
60598
83795
89822
338567
3779
10242
27345
3785
3786
2596
1501
9607
2900
2901
2902
2904
57657
3709
3737
3738
3739
3742
9312
3747
3750
3752
10008
3754
170850
3757
23416
23415
27133
81033
90134
131096
3758
3767
3772
3773
3760
3775
60598
83795
89822
338567
3779
10242
27345
3785
3786
56479
2596
1501
11280
6328
6329
6340
11095
133
8644
10564
1325
23052
2070
11245
10888
56659
3790
115207
3857
55203
64067
4852
4887
7026
54510
5368
11098
10512
2596
1501
7058
7080
388121
2596
1501
386618
9607
7058
7080
388121
93664
152404
84966
7881
386618
23316
493
6096
301
284654
7074
301
79656
23432
10447
23432
57604
57687
114801
57419
143425
7223
255631
1291
8492
8707
93986
3953
4828
23213
53405
11247
54437
7122
3045
134
135
140
148
553
230
57687
114801
57419
143425
7223
8492
2670
3953
53405
3045
140
2696
2596
1501
9607
3788
57582
11280
6323
6324
6326
6328
55800
6329
6331
6339
6340
133
8644
10564
1299
1339
27132
1392
1652
1745
23052
2070
2572
10888
3790
115207
3857
55203
64067
4852
4887
7026
54510
5368
5816
10512
2596
1501
5121
777
778
785
27091
59284
1136
1137
1138
1143
1179
9635
22802
1184
1188
1193
25932
1259
1262
54714
2554
2558
2559
2565
2566
2568
2569
2741
2742
116444
2907
3736
3744
3741
8514
3749
3751
9992
23704
3768
3770
3759
5121
3761
3764
54207
3776
8645
9424
10089
3780
3782
343450
27012
169522
6336
6326
6327
6332
6338
140803
176
10123
64781
374887
93107
57214
4604
5744
261729
53346
6330
91156
401498
116
1289
51302
25861
9196
285513
6285
6534
80731
59350
7200
1267
4155
4336
2596
1501
9607
777
8913
785
786
27091
1136
1137
1138
1143
1179
22802
1184
1188
1193
25932
1259
1260
1262
54714
2554
2558
2559
2565
2566
2568
2742
8514
3749
3751
3768
3770
3759
2596
1501
9607
3761
3763
3764
54207
3776
9424
10089
3780
3782
27012
169522
6336
6326
6327
6332
6338
140803
176
10123
64781
374887
93107
57214
4604
5744
261729
53346
91156
401498
116
1289
51302
25861
9196
285513
6285
6534
80731
59350
7200
1267
4155
4336
2596
1501
5121
341
8542
23780
80832
627
2246
2259
3553
4803
64111
4908
4922
5020
5367
51052
7040
26574
56938
463
468
22809
55729
1385
1523
2020
2969
3975
4204
5080
5978
4086
7472
158866
9839
10168
7592
641339
148066
1739
1740
1742
9231
9229
1837
84062
2596
1501
9607
341
8542
23780
80832
627
2246
2259
3553
4803
64111
4908
4922
5020
5367
51052
26574
56938
463
468
22809
55729
1385
1523
2020
2969
3975
4204
5080
5978
4086
7472
158866
9839
10168
7592
641339
148066
1739
1740
1742
9231
9229
1837
84062
2596
1501
5121
55997
56257
29117
11120
118924
54059
55744
401466
64478
376475
1663
1660
9940
1828
1781
63901
374393
9527
23378
23117
389833
399947
2596
1501
5121
333
334
351
488
10159
3643
3949
4035
7804
4804
4915
4916
5329
3476
4983
23133
8242
645166
728340
1627
728377
259266
545
66004
8379
54880
4176
729559
92140
4671
84224
11163
727983
10605
5178
9883
5870
221935
8293
10571
6653
6726
7103
9100
672
55835
1111
1736
54808
2068
2071
2073
157570
26128
79648
4683
79840
2596
1501
9607
55997
56257
29117
11120
118924
8724
54059
55744
10084
401466
320
596
64478
598
376475
1508
1663
131578
1660
7276
9940
5071
11315
2247
2254
1828
1781
2596
1501
63901
9607
333
334
374393
351
488
10159
9527
23378
3643
3949
23117
4035
7804
4804
4915
389833
4916
399947
5329
3476
4983
23133
8242
1627
259266
645166
545
54880
728340
672
55835
728377
1111
66004
1736
54808
2068
2071
2073
157570
26128
79648
8379
4683
4176
729559
92140
4671
84224
11163
10605
5178
9883
79840
5870
8724
221935
10084
8293
320
596
10571
598
6653
1508
6726
7103
131578
9100
7276
5071
11315
2247
2254
2596
1501
5121
54882
2065
9638
285025
6453
81565
5116
8045
57731
23345
26053
116987
7248
7249
7494
2173
9459
57194
80279
6792
27185
1855
2664
5728
5999
1641
4130
4747
26047
1476
8629
9211
203190
815
814
1020
4751
5062
6446
51231
65125
761
2131
4036
2596
1501
9607
54882
2065
9638
285025
6453
54820
81565
5116
10048
8045
57731
23345
26053
116987
7248
7249
7494
2173
9459
57194
80279
6792
27185
1855
2664
5728
5999
1641
4130
4747
26047
1476
8629
9211
203190
815
814
1020
4751
5062
6446
51231
65125
761
2131
4036
2596
1501
5121
43
1646
7915
435
5205
590
642
760
836
840
1312
1351
1371
2739
2747
27429
3981
4129
5048
8050
10585
5625
5860
64852
10535
79621
84153
6611
6647
6999
121278
7337
7345
161582
2908
4929
10846
5142
2596
1501
9607
1636
43
1646
7915
435
5205
590
642
760
834
836
840
1312
1351
1371
1610
2739
2747
3981
4128
4129
5048
8050
26227
10585
5625
5860
64852
10535
79621
84153
6611
6647
6999
121278
7337
7345
161582
2100
2908
4929
10846
5142
2596
1501
5121
273
8927
11337
23710
11345
23426
80852
9456
57502
6616
9342
23557
9751
6640
54212
8676
23673
112755
6809
6810
8417
134957
9900
9899
8224
8831
9145
9144
8867
6855
284612
6857
341359
23208
91683
84258
6860
6861
148281
84958
54843
6843
6844
9341
8674
7018
2596
1501
9607
273
8927
11337
23710
11345
23426
80852
9456
57502
6616
9342
23557
9751
6640
54212
8676
23673
112755
6810
8417
134957
9900
9899
8224
8831
9145
9144
8867
6855
284612
6857
341359
23208
91683
84258
6860
6861
148281
84958
54843
6843
6844
9341
8674
7018
2596
1501
5121
478
1463
5663
546
54862
51185
1741
2245
24140
15
841
1644
1717
1804
2760
9215
10558
7166
9659
22871
54413
3084
6641
6645
415117
6854
6856
94121
8673
6570
6571
6572
6511
6512
151295
6538
11254
6530
25825
5328
2596
1501
9607
478
1463
5663
546
54862
51185
1741
2245
24140
15
841
1644
1717
1804
2760
9215
10558
7166
9659
22871
54413
3084
6641
6645
415117
6854
6856
94121
8673
6570
6571
6572
6511
6512
151295
6538
11254
6530
25825
5328
2596
1501
5121
135
140
148
151
154
185
186
187
553
886
887
1128
1129
1131
1132
1133
1268
2596
1394
1395
1812
1816
1909
1910
2550
9568
8811
1501
2696
2798
83550
221395
2835
165829
23432
9607
54328
135
140
148
11245
151
154
2842
185
2845
2827
186
187
2861
553
9248
886
887
1128
9289
1129
2830
1131
27201
10888
54329
1133
1268
1394
1395
1812
1816
1909
1910
2550
9568
8811
2696
2798
83550
221395
2835
165829
23432
54328
11245
2842
2845
2827
2861
9248
9289
2830
27201
10888
54329
2596
1501
5121
54112
84059
2911
2912
2913
2914
2917
2918
2925
3061
3062
2596
3269
1501
59340
3350
3351
3352
3354
9607
54112
84059
3355
2911
3356
2912
3357
2913
2914
3358
2917
3360
2918
3361
2925
3362
3061
3062
3363
3269
55366
59340
8549
3350
3351
3352
3354
3355
59352
4157
3356
3357
3358
3360
3361
3362
3363
4158
55366
4159
8549
59352
4161
4157
4158
4159
4161
2847
2847
84539
84539
2832
4886
4887
2832
4886
4889
4923
4887
4889
23620
4985
4986
4987
4988
5021
2834
23620
4985
4986
4987
4988
5021
2834
2596
1501
5121
339403
6751
319100
6869
6865
6870
7201
7433
7434
11095
133
176
8644
10564
10123
64781
1299
1339
27132
1652
1745
23052
2070
374887
2572
115207
57214
3857
55203
4604
64067
7026
54510
5368
11098
5744
5816
83482
10512
261729
7058
7080
53346
388121
93664
2596
1501
9607
6751
319100
6869
6865
6870
7201
7433
7434
11095
133
176
8644
10564
10123
64781
1299
1339
27132
1652
1745
23052
2070
374887
2572
115207
57214
3857
55203
4604
64067
7026
54510
5368
11098
5744
5816
83482
10512
261729
7058
7080
53346
388121
93664
2596
1501
5121
152404
84966
386618
91156
23316
401498
116
493
1289
51302
6096
284654
7074
25861
301
79656
10447
285513
57604
57687
114801
6285
6534
255631
1291
8492
8707
93986
80731
3953
4828
59350
23213
53405
54437
230
1471
2670
6678
1267
4155
4336
7122
3045
3339
2596
1501
9607
152404
84966
386618
91156
23316
401498
116
493
1289
51302
6096
284654
7074
301
79656
10447
285513
57604
57687
114801
6285
6534
255631
1291
8492
8707
93986
80731
3953
4828
59350
23213
53405
54437
230
1471
2670
6678
4155
4336
7122
3045
3339
2596
1501
9607
8745
339366
146
150
375790
552
165257
24141
775
8911
9254
93589
147381
1012
57053
1145
1146
9629
1180
1183
1303
594855
1393
6387
56603
267012
1666
27122
340120
1814
9718
8507
285220
2099
54757
55603
441027
10468
53826
2570
200959
2766
2788
10243
84109
2897
2596
1501
5121
2903
2906
81488
2916
1404
610
10021
3479
3487
8821
3743
3748
30820
30819
3777
50801
51305
27094
3781
3784
9132
23251
143903
26468
727820
727936
130574
4137
4233
4311
4340
8777
25832
4744
4826
4856
4883
387129
2596
1501
30010
9607
27253
2903
10611
2906
5362
81488
84152
2916
1404
610
2596
1501
10021
3479
5121
5532
5533
5865
3487
115827
6001
6239
8821
6281
6335
6405
3743
6503
57030
8773
9892
54221
6696
2596
3748
1501
30820
6750
9607
30819
3777
5532
5533
6753
6754
6801
8677
8675
55014
53407
2054
6811
10228
9482
6812
6813
252983
29091
6853
9143
23546
8871
171024
57586
255928
83849
83851
127833
9066
7124
7162
9218
9745
5865
115827
6001
50801
6239
6281
51305
6335
6405
27094
6503
3781
57030
3784
8773
9892
9132
54221
23251
6696
143903
6750
26468
6754
6801
727820
8675
55014
10228
9482
6812
727936
130574
9935
2596
4137
1501
5121
3897
4233
4684
4897
4311
4340
9378
8777
4974
56142
25832
4744
4741
57555
4826
3643
4856
3949
4035
4883
7804
387129
30010
27253
10611
5362
84152
4804
4915
4916
5329
5664
341
8542
23780
80832
627
1325
1392
2246
2259
2247
2254
3553
4803
64111
4852
4908
4922
5020
5367
51052
6863
7040
7200
2596
1501
9607
3897
4684
4897
9378
4974
56142
3643
3949
4035
7804
4804
4915
4916
5329
5664
341
8542
23780
80832
627
1325
1392
2246
2259
2247
2254
3553
4803
64111
4852
4908
4909
4922
5020
5367
51052
6863
7040
7200
2596
1501
5121
8745
339366
146
150
24141
93589
147381
1012
1145
1146
1180
1303
1393
56603
267012
1666
27122
340120
1814
9718
8507
285220
2099
55603
10468
53826
200959
2766
2788
10243
84109
2897
2596
1501
8745
339366
146
150
552
165257
775
8911
9254
93589
147381
1012
57053
1146
9629
1183
1303
594855
1393
56603
267012
1666
27122
340120
9718
8507
55603
441027
10468
53826
2570
200959
2766
2788
10243
84109
2897
2596
1501
5121
2903
2906
81488
2916
1404
610
10021
3479
3487
8821
3743
3748
30820
30819
3777
50801
51305
27094
3781
3784
9132
23251
143903
26468
727820
727936
130574
9935
4137
4233
4311
4340
8777
25832
4744
4741
57555
4826
4856
4883
387129
30010
27253
10611
5362
84152
2596
1501
9607
2903
2906
81488
2916
1404
610
10021
3479
3487
8821
3743
3748
30820
30819
3777
50801
51305
27094
3781
3784
9132
23251
143903
26468
727820
727936
130574
9935
4137
4233
4311
4340
8777
25832
4744
4741
57555
4826
4856
4883
387129
30010
27253
10611
5362
84152
2596
1501
5121
5532
5533
5865
115827
6001
6281
6335
6405
6503
57030
8773
9892
54221
6696
6750
6753
6754
6801
8677
8675
55014
53407
2054
6811
10228
9482
6812
6813
252983
29091
6853
9143
23546
8871
171024
57586
255928
83849
83851
127833
9066
7124
7162
9218
9745
2596
1501
9607
5532
5533
5865
115827
6001
6239
6281
6335
6405
6503
57030
8773
9892
54221
6696
6750
6753
6754
6801
8677
8675
55014
53407
2054
6811
10228
9482
6812
6813
252983
29091
6853
9143
23546
8871
171024
57586
255928
83849
83851
127833
9066
7124
7162
9218
9745
2596
1501
5121
8745
339366
146
150
375790
552
165257
24141
775
8911
9254
93589
147381
1012
57053
1145
1146
9629
1180
1183
1303
594855
1393
6387
56603
267012
1666
27122
340120
1814
9718
8507
285220
2099
54757
55603
441027
10468
53826
2570
200959
2766
2788
10243
84109
2897
2596
1501
9607
8745
339366
146
150
375790
552
24141
775
8911
9254
93589
147381
1012
57053
1145
1146
9629
1180
1183
1303
594855
1393
6387
56603
267012
1666
27122
340120
1814
9718
8507
285220
2099
54757
55603
441027
10468
53826
2570
200959
2766
2788
10243
84109
2897
2596
1501
5121
2903
2906
81488
2916
1404
610
10021
3479
3487
8821
3743
3748
30820
30819
3777
50801
51305
27094
3781
3784
9132
23251
143903
26468
727820
727936
130574
9935
4137
4233
4311
4340
8777
25832
4744
4741
57555
4826
4856
4883
387129
30010
27253
10611
5362
84152
2596
1501
5121
5532
5533
5865
115827
6001
6239
6281
6335
6405
6503
57030
8773
9892
54221
6696
6750
6753
6754
6801
8677
8675
55014
53407
2054
6811
10228
9482
6812
6813
252983
29091
6853
9143
23546
8871
171024
57586
255928
83849
83851
127833
9066
7124
7162
9218
9745
2596
1501
9607
5532
5533
5865
115827
6001
6239
6281
6335
6405
6503
57030
8773
9892
54221
6696
6750
6753
6754
6801
8677
8675
55014
53407
2054
6811
10228
9482
6812
6813
252983
29091
6853
9143
23546
8871
171024
57586
255928
83849
83851
127833
9066
7124
7162
9218
9745
2596
1501
9607
2903
2906
81488
2916
1404
610
10021
3479
3487
8821
3743
3748
30820
30819
3777
50801
51305
27094
3781
3784
9132
23251
143903
26468
727820
727936
130574
4137
4233
4311
4340
8777
25832
4744
4741
57555
4826
4856
4883
387129
30010
27253
10611
5362
84152
2596
1501
5121
40
134
554
776
779
781
784
10368
27092
59283
8973
1139
55584
1141
1142
1144
1185
1187
1192
9022
54102
1207
1644
1717
2555
2556
2557
2560
2564
2567
55879
170850
3758
3769
3772
3773
3762
338567
6330
11254
9342
23557
8676
284612
84958
121278
2596
1501
9607
40
134
776
779
781
784
10368
27092
59283
8973
1139
55584
1141
1142
1144
1185
1187
1192
54102
1207
1644
1717
2555
2556
2557
2560
2564
2567
55879
170850
3758
3769
3772
3773
3762
338567
6330
11254
9342
23557
8676
284612
84958
121278
2596
1501
5121
215
6890
6891
2
323
80184
3398
54674
54806
9575
107
108
9639
23229
572
581
8851
8941
51654
55755
1499
1501
50632
2332
2885
11141
3628
30818
5530
22930
117177
11069
6197
6622
9627
6620
6623
60
88
23237
9228
55227
57142
2055
2596
1501
9607
6506
6507
156
157
207
10645
11113
1453
2534
2932
120892
5594
5602
5063
5291
5294
65018
5579
5582
6093
65078
7436
9949
6505
6509
6510
79751
6513
6539
6540
6531
6532
6535
4036
11280
6328
3790
143425
7223
1138
9635
1184
2596
1501
5121
6506
6507
156
157
2596
1501
9607
207
10645
11113
1453
215
2534
1080
2932
6890
6891
2
120892
323
5653
5594
80184
5602
3398
5063
54674
54806
9575
107
108
5291
5294
65018
5579
5582
6093
65078
7436
9949
6505
6509
6510
79751
6513
6539
6540
6531
6532
6535
4036
11280
6328
6331
56659
3790
143425
7223
1138
9635
1184
9639
23229
572
581
8851
8941
51654
55755
1499
50632
2332
2885
11141
3628
30818
5530
22930
117177
11069
6197
6622
9627
6620
6623
60
88
23237
9228
55227
57142
2055
2596
1501
5121
3788
57582
2596
6323
1501
6324
6326
9607
55800
3788
6329
57582
6334
6323
6324
6326
6339
55800
6340
7881
57419
6329
778
6334
786
27091
6339
59284
6340
7881
1136
57419
1193
25932
1259
1260
1262
778
2568
2569
786
2741
27091
2742
2905
59284
116444
1136
3736
3744
1193
25932
1259
1260
1262
2568
2569
2741
2742
116444
3736
3744
3741
8514
3768
3761
8645
10089
343450
169522
6336
6332
6338
140803
9196
22809
1385
3741
8514
3768
3761
2596
1501
10089
343450
169522
5121
6336
1523
3975
6332
4204
6338
4086
7472
140803
7592
9196
463
22809
1385
148066
401466
54880
5071
8045
7494
9459
57194
27185
1855
5728
1476
8629
2260
2263
2890
2895
57657
3753
10008
3756
3757
81033
90134
83795
3779
9231
54820
834
2596
836
1501
9607
1523
4929
4086
10846
7472
57502
7592
148066
8831
84062
9144
341359
401466
84277
5071
7494
9459
57194
27185
1855
5728
1476
8629
2260
2263
2890
2895
57657
3753
10008
3756
3757
81033
90134
83795
3779
9231
54820
834
836
4929
10846
57502
8831
9144
341359
2596
1501
6506
6285
4340
1267
2934
4155
2065
7018
6513
7122
2571
2572
6529
794
5816
4852
6750
7432
3815
2066
2897
793
6863
6866
79625
5649
1268
9607
5179
165257
5924
23316
6843
6623
6096
6330
4240
4744
57604
57687
5121
8707
4929
84628
132204
1490
1012
4747
4741
2596
1501
9638
2900
3757
4524
54820
3084
5048
84152
5625
6558
2596
5999
1742
815
57030
207
23237
627
11113
1312
27185
84062
2596
1501
6506
6285
4340
1267
2934
4155
2065
7018
6513
7122
2571
2572
6529
794
5816
4852
6750
7432
3815
2066
2897
793
6863
6866
79625
5649
1268
9607
5179
165257
5924
23316
6843
6623
6096
6330
4240
4744
57604
57687
5121
8707
5136
4929
84628
132204
1490
1012
4747
4741
2596
5999
1742
815
57030
207
23237
627
11113
1312
27185
84062
2596
1501
9638
2900
3757
4524
54820
3084
5048
84152
5625
6558
2596
1501
6506
6285
4340
1267
2934
4155
2065
7018
6513
7122
2571
2572
6529
794
5816
4852
6750
7432
3815
2066
2897
793
6863
6866
79625
5649
1268
9607
5179
165257
5924
23316
6843
6623
6096
6330
4240
4744
57604
57687
5121
8707
5136
4929
84628
132204
1490
1012
4747
4741
2596
5999
1742
815
57030
207
23237
11113
1312
84062
2596
1501
9638
2900
3757
54820
5048
4133
1139
81565
9722
26258
4133
1139
27185
81565
4133
1139
27185
81565
9722
26258
2596
1501
6506
6285
2596
1501
9638
2900
3757
4524
54820
3084
5048
84152
5625
6558
4133
1139
27185
81565
9722
26258
4340
1267
2934
4155
2065
7018
6513
7122
2571
2572
6529
794
5816
4852
6750
7432
3815
2066
2897
793
6863
6866
79625
5649
1268
9607
5179
5924
23316
6843
6623
6096
6330
4240
4744
57604
57687
5121
8707
5136
4929
84628
132204
1490
1012
4747
4741
2596
5999
1742
815
57030
207
23237
627
11113
1312
27185
84062
2596
1501
6506
6285
4340
1267
2934
4155
2065
7018
6513
7122
2571
2572
6529
794
5816
4852
6750
7432
3815
2066
2897
793
6863
6866
79625
5649
1268
9607
5179
165257
5924
23316
6843
6623
6096
6330
4240
4744
57604
57687
5121
8707
5136
4929
84628
132204
1490
1012
4747
4741
2596
5999
1742
815
57030
207
23237
627
11113
1312
27185
84062
2596
1501
9638
2900
3757
4524
54820
3084
5048
84152
5625
6558
4133
1139
27185
81565
9722
26258
2596
1501
6506
1267
4155
2065
7122
2571
2572
6529
794
5816
4852
6750
7432
2066
2897
793
6863
6866
79625
5649
1268
9607
5179
5924
23316
6843
6623
6096
6330
4240
4744
57604
57687
5121
8707
5136
4929
84628
132204
1490
5999
1742
815
57030
207
23237
627
11113
1312
9638
2900
5048
84152
5625
6558
1139
27185
81565
26258
2596
1501
6506
1267
4155
2065
7122
2571
2572
6529
794
5816
4852
6750
7432
2066
2897
793
6863
79625
5649
1268
9607
5179
5924
23316
6843
6623
6096
6330
4240
4744
57604
57687
5121
8707
5136
4929
84628
132204
1490
5999
1742
815
57030
207
23237
627
11113
1312
9638
2900
5048
84152
5625
6558
1139
27185
81565
9722
26258
2596
1501
6506
1267
4155
7122
2571
2572
6529
794
5816
4852
6750
7432
2066
2897
793
6863
6866
79625
5649
1268
9607
5179
5924
23316
6843
6623
6096
6330
4240
4744
57604
57687
5121
8707
5136
4929
84628
132204
1490
5999
1742
815
57030
207
23237
627
11113
1312
9638
2900
5048
84152
5625
6558
1139
27185
81565
9722
26258
2596
1501
6506
1267
4155
7122
2571
2572
6529
794
5816
4852
6750
7432
2066
2897
793
6863
6866
79625
5649
1268
9607
5179
5924
23316
6843
6623
6096
6330
4240
4744
57604
57687
5121
8707
5136
84628
132204
1490
5999
1742
815
57030
207
23237
627
11113
1312
9638
2900
5048
84152
5625
1139
27185
81565
9722
2596
1501
6506
1267
4155
2065
7122
2571
2572
6529
794
5816
4852
6750
7432
2066
2897
793
6863
6866
79625
5649
1268
9607
5179
5924
23316
6843
6623
6096
6330
4240
4744
57604
57687
5121
8707
5136
4929
84628
132204
1490
5999
1742
815
57030
207
23237
627
11113
1312
9638
2900
5048
84152
5625
6558
1139
27185
81565
9722
26258
2596
1501
6506
1267
4155
2065
7122
2571
2572
6529
794
5816
4852
6750
7432
2066
2897
793
6863
6866
79625
5649
1268
9607
5179
5924
23316
6843
6623
6096
6330
4240
4744
57604
57687
5121
8707
5136
4929
84628
132204
1490
5999
1742
815
57030
207
23237
627
11113
1312
9638
2900
5048
84152
5625
6558
1139
27185
81565
9722
26258
2596
1501
6506
1267
4155
2065
7122
2571
2572
6529
794
5816
4852
6750
7432
2066
2897
793
6863
6866
79625
5649
1268
9607
5179
5924
23316
6843
6623
6096
6330
4240
4744
57604
57687
5121
8707
5136
4929
84628
132204
1490
5999
1742
815
57030
207
23237
627
11113
1312
9638
2900
5048
84152
5625
6558
1139
27185
81565
9722
26258
2596
1501
6506
1267
4155
2065
7122
2571
2572
6529
794
5816
4852
6750
7432
2066
2897
793
6863
6866
79625
5649
1268
9607
5179
5924
23316
6843
6623
6096
6330
4240
4744
57604
57687
5121
8707
5136
4929
84628
132204
1490
5999
1742
815
57030
207
23237
627
11113
1312
9638
2900
5048
84152
5625
6558
1139
27185
81565
9722
26258
2596
1501
6506
1267
4155
2065
7122
2571
2572
6529
794
5816
4852
6750
7432
2066
2897
793
6863
6866
79625
5649
1268
9607
5179
5924
23316
6843
6623
6096
6330
4240
4744
57604
57687
5121
8707
5136
84628
132204
1490
5999
1742
815
57030
207
23237
627
11113
1312
9638
2900
5048
84152
5625
6558
1139
27185
81565
9722
26258
2596
1501
6506
1267
2596
1501
6506
1267
4155
2065
7122
2571
2572
6529
794
5816
4852
6750
7432
2066
2897
793
6863
6866
79625
5649
1268
9607
5179
5924
23316
6843
6623
6096
6330
4240
4744
57604
57687
5121
8707
5136
4929
84628
132204
1490
5999
1742
815
57030
207
23237
627
11113
1312
9638
2900
5048
84152
5625
6558
1139
27185
81565
9722
26258
2596
1501
6506
1267
4155
2065
7122
2571
2572
6529
794
5816
4852
6750
7432
2066
2897
793
6863
6866
79625
5649
1268
9607
5179
5924
23316
6843
6623
6096
6330
4240
4744
57604
57687
5121
8707
5136
4929
84628
132204
1490
5999
1742
815
57030
207
23237
627
11113
1312
9638
2900
5048
84152
5625
6558
2596
1501
6506
1267
4155
2065
7122
2571
2572
6529
794
5816
4852
6750
7432
2066
2897
793
6863
6866
79625
5649
1268
9607
5179
5924
23316
6843
6623
6096
6330
4240
4744
57604
57687
5121
8707
5136
4929
84628
132204
1490
5999
1742
815
57030
207
23237
627
11113
1312
9638
2900
5048
84152
5625
6558
2596
1501
6506
1267
4155
2065
7122
2571
2572
6529
794
5816
4852
6750
7432
2066
2897
793
6863
6866
79625
5649
1268
9607
5179
5924
23316
6843
6623
6096
6330
4240
4744
57687
5121
8707
5136
4929
84628
132204
1490
5999
1742
815
57030
207
23237
627
11113
1312
9638
2900
5048
84152
5625
6558
2596
1501
6506
1267
4155
2065
7122
2571
2572
6529
794
5816
4852
6750
7432
2066
2897
793
6863
6866
79625
5649
1268
9607
5179
5924
23316
6843
6623
6096
6330
4240
4744
57604
57687
5121
8707
5136
84628
132204
1490
5999
1742
815
57030
207
23237
627
11113
1312
9638
2900
5048
84152
5625
6558
4155
2065
7122
2571
2572
6529
794
5816
4852
6750
7432
2066
2897
793
6863
6866
79625
5649
1268
9607
5179
5924
23316
6843
6623
6096
6330
4240
4744
57604
57687
5121
8707
5136
84628
132204
1490
5999
1742
815
57030
207
23237
627
11113
1312
9638
2900
5048
84152
5625
6558
1139
27185
81565
9722
26258
1139
27185
81565
9722
26258
1139
27185
81565
9722
26258
1139
27185
81565
9722
26258
1139
27185
81565
9722
26258
2596
1501
2596
1501
2596
1501
6506
1267
4155
2065
7122
2571
2572
6529
794
5816
4852
6750
7432
2066
2897
793
6863
6866
79625
5649
1268
9607
5179
5924
23316
6843
6623
6096
6330
4240
4744
57604
57687
5121
8707
5136
4929
84628
132204
1490
5999
1742
815
57030
207
23237
627
11113
1312
9638
2900
5048
84152
5625
6558
1139
27185
81565
9722
26258
6506
1267
4155
2065
7122
2571
2572
6529
794
5816
4852
6750
7432
2066
2897
793
6863
6866
79625
5649
1268
9607
5179
5924
23316
6843
6623
6096
6330
4240
4744
57604
57687
5121
8707
5136
4929
84628
132204
1490
5999
1742
815
57030
207
23237
627
11113
1312
9638
2900
5048
84152
5625
6558
1139
27185
81565
9722
26258
6506
1267
4155
2065
2571
2572
6529
794
5816
4852
6750
7432
2066
2897
793
6863
79625
5649
1268
9607
5179
5924
23316
6843
6623
6096
6330
4240
4744
57687
5121
84628
132204
1490
5999
1742
815
57030
207
23237
627
11113
9638
2900
5048
84152
5625
6558
1139
81565
9722
26258
2596
1501
6506
1267
2596
4155
1501
2596
1501
6506
1267
4155
2065
2065
7122
7122
2596
2571
1501
2571
2572
2572
6529
6529
794
794
5816
5816
4852
4852
6750
6750
7432
7432
2066
6506
1267
2066
4155
2897
2065
2897
7122
793
793
6863
6863
6866
6866
79625
79625
5649
5649
1268
1268
9607
9607
5179
5179
5924
5924
23316
23316
6843
6843
6623
6623
6096
6096
6330
6330
4240
4240
4744
4744
57604
57604
57687
57687
5121
5121
8707
8707
5136
5136
4929
4929
84628
132204
132204
1490
1490
5999
5999
1742
1742
815
815
57030
57030
207
207
23237
23237
627
627
11113
11113
2571
1312
2572
1312
6529
9638
9638
794
5816
2900
2900
4852
6750
5048
5048
7432
84152
84152
2066
5625
5625
2897
793
6558
6558
6863
6866
79625
5649
1268
5179
5924
23316
6843
6623
6096
4240
4744
57604
57687
5121
8707
5136
4929
84628
132204
1490
5999
1742
815
57030
207
23237
627
11113
1312
9638
2900
5048
84152
5625
6558
6506
1267
4155
2065
7122
2571
2572
6529
794
5816
4852
6750
7432
2066
2897
793
6863
6866
79625
5649
1268
9607
5179
5924
23316
6843
6623
6096
6330
4240
4744
57604
57687
5121
8707
5136
4929
84628
132204
1490
5999
1742
815
57030
207
23237
627
11113
1312
9638
2900
5048
84152
5625
6558
1139
27185
81565
9722
26258
1139
27185
81565
9722
26258
1139
27185
81565
9722
26258
1139
27185
81565
9722
26258
2596
1501
6506
1267
4155
2065
7122
2571
2572
6529
794
5816
4852
6750
7432
2066
2897
793
6863
6866
79625
5649
1268
5924
23316
6843
6623
6096
6330
4240
4744
57604
57687
5121
8707
5136
84628
132204
1490
5999
1742
815
57030
207
23237
627
11113
1312
9638
2900
5048
84152
5625
6558
1139
81565
9722
26258
2596
1501
6506
1267
4155
2065
7122
2571
2572
6529
794
5816
4852
6750
7432
2066
2897
793
6863
6866
79625
5649
1268
9607
5179
5924
23316
6843
6623
6096
6330
4240
4744
57604
57687
5121
8707
5136
4929
84628
132204
1490
5999
1742
815
57030
207
23237
627
11113
1312
9638
2900
5048
84152
5625
6558
1139
27185
81565
9722
26258
2596
1501
6506
1267
4155
2065
7122
2571
2572
6529
794
5816
4852
6750
7432
2066
2897
793
6863
6866
79625
5649
1268
9607
5179
5924
23316
6843
6623
6096
6330
4240
4744
57604
57687
5121
8707
5136
4929
84628
132204
1490
5999
1742
815
57030
207
23237
627
11113
1312
9638
2900
5048
84152
5625
6558
1139
27185
81565
9722
26258
2596
1501
6506
1267
4155
2065
7122
2571
2572
6529
794
5816
4852
6750
7432
2066
2897
793
6863
6866
79625
5649
1268
9607
5179
5924
23316
6843
6623
6096
6330
4240
4744
57604
57687
5121
8707
5136
84628
132204
1490
5999
1742
815
57030
207
23237
627
11113
1312
9638
2900
5048
84152
5625
6558
1139
27185
81565
9722
26258
2596
1501
2596
1501
6506
1267
4155
2065
7122
2571
2572
6529
794
5816
4852
6750
7432
2066
2897
793
6863
6866
79625
5649
1268
9607
5179
5924
23316
6843
6623
6096
6330
4240
4744
57604
57687
5121
8707
5136
4929
84628
132204
1490
5999
1742
815
57030
207
23237
627
11113
1312
9638
2900
5048
84152
5625
6558
1139
27185
81565
9722
26258
6506
1267
4155
2065
7122
2571
2572
6529
794
5816
4852
6750
7432
2066
2897
793
6863
6866
79625
5649
1268
9607
5179
5924
23316
6843
6623
6096
6330
4240
4744
57604
57687
5121
8707
5136
4929
84628
132204
1490
5999
1742
815
57030
207
23237
627
11113
1312
9638
2900
5048
84152
5625
6558
1139
27185
81565
9722
26258
2596
1501
2596
1501
6506
1267
4155
2065
7122
2571
2572
6529
5816
4852
6750
7432
2066
2897
793
6863
6866
79625
5649
1268
9607
5179
5924
23316
6843
6623
6096
6330
4240
4744
57604
57687
5121
8707
5136
4929
84628
132204
1490
5999
1742
815
57030
207
23237
627
11113
1312
9638
2900
5048
84152
5625
6558
1139
27185
81565
9722
26258
6506
1267
4155
2065
7122
2571
2572
6529
794
5816
4852
6750
7432
2066
2897
793
6863
6866
79625
5649
1268
9607
5179
5924
23316
6843
6623
6096
6330
4240
4744
57604
57687
5121
8707
5136
4929
84628
132204
1490
5999
1742
815
57030
207
23237
627
11113
1312
9638
2900
5048
84152
5625
6558
1139
27185
81565
9722
26258
2596
1501
2596
1501
6506
1267
4155
2065
7122
2571
2572
6529
794
5816
4852
6750
7432
2066
2897
793
6863
6866
79625
5649
1268
9607
5179
5924
23316
6843
6623
6096
6330
4240
4744
57604
57687
5121
8707
5136
4929
84628
132204
1490
5999
1742
815
57030
207
23237
627
11113
1312
9638
2900
5048
84152
5625
6558
1139
27185
81565
9722
26258
6506
1267
4155
2065
7122
2571
2572
6529
794
5816
4852
6750
7432
2066
2897
793
6863
6866
79625
5649
1268
9607
5179
5924
23316
6843
6623
6096
6330
4240
4744
57604
57687
5121
8707
5136
4929
84628
132204
1490
5999
1742
815
57030
207
23237
627
11113
1312
9638
2900
5048
84152
5625
6558
1139
27185
81565
9722
26258
2596
2596
1501
6506
6506
1267
1267
4155
4155
2065
2065
7122
2571
2572
6529
794
5816
4852
6750
7432
2066
2897
793
6863
6866
79625
5649
1268
9607
5179
5924
23316
6843
6623
6096
6330
4240
4744
57604
57687
5121
8707
5136
4929
84628
132204
1490
5999
1742
815
57030
207
23237
11113
1312
9638
2900
5048
84152
5625
6558
1139
27185
81565
9722
26258
7122
2571
2572
6529
794
5816
4852
6750
7432
2066
2897
793
6863
6866
79625
5649
1268
9607
5179
5924
23316
6843
6623
6096
6330
4240
4744
57604
57687
5121
8707
5136
4929
84628
132204
1490
5999
1742
815
57030
207
23237
627
11113
1312
9638
2900
5048
84152
5625
6558
1139
27185
81565
9722
26258
2596
1501
6506
1267
4155
2065
7122
2571
2572
6529
794
5816
4852
6750
7432
2066
2897
2596
793
1501
6863
6866
79625
2596
1501
6506
1267
4155
2065
7122
2571
2572
6529
794
5816
4852
7432
2066
2897
793
6863
6866
79625
5649
1268
9607
5179
5924
23316
6623
6330
4744
57604
57687
5121
8707
5649
1268
9607
5179
5924
23316
6843
6623
6096
6330
4240
4744
57604
57687
5121
8707
5136
4929
84628
132204
1490
5999
1742
815
57030
207
23237
627
11113
1312
9638
2900
5048
84152
5625
6558
1139
27185
81565
9722
26258
5136
4929
84628
132204
1490
5999
1742
815
57030
207
23237
627
11113
1312
9638
2900
5048
84152
5625
6558
1139
2596
1501
6506
1267
4155
2065
7122
2571
2572
6529
794
5816
4852
6750
7432
2066
2897
793
6863
6866
79625
5649
1268
9607
5179
5924
23316
6843
27185
81565
9722
26258
6623
6096
6330
4240
4744
57604
57687
5121
8707
5136
4929
84628
132204
1490
5999
1742
815
57030
207
23237
627
11113
1312
9638
2900
5048
84152
5625
6558
1139
27185
81565
9722
26258
2596
1501
6506
1267
4155
2065
7122
2571
2572
6529
794
5816
4852
6750
7432
2066
2897
793
6863
6866
79625
5649
1268
9607
5179
5924
23316
6843
6623
6096
6330
4240
4744
57604
57687
5121
8707
5136
4929
84628
132204
1490
5999
1742
815
57030
207
23237
627
11113
1312
9638
2900
5048
84152
5625
6558
1139
27185
81565
9722
26258
2596
2596
1501
1501
6506
1267
4155
2065
7122
2571
2572
6529
794
5816
4852
6750
7432
2066
2897
793
6863
6866
79625
5649
1268
9607
5179
5924
23316
6843
6623
6096
6330
4240
4744
57604
57687
5121
8707
5136
4929
84628
132204
1490
5999
1742
815
57030
207
23237
627
11113
1312
9638
2900
5048
84152
5625
6558
1139
27185
81565
9722
26258
6506
1267
4155
2065
7122
2571
2572
6529
794
5816
4852
6750
7432
2066
2897
793
6863
6866
79625
5649
1268
9607
5179
5924
23316
6843
6623
6096
6330
4240
4744
57604
57687
5121
8707
5136
4929
84628
132204
1490
5999
1742
815
57030
207
23237
627
11113
1312
9638
2900
5048
84152
5625
6558
1139
27185
81565
9722
26258
2596
1501
6506
1267
4155
2065
7122
2571
2572
6529
794
5816
4852
6750
7432
2066
2897
793
6863
6866
79625
5649
1268
9607
5179
5924
23316
6843
6623
6096
6330
4240
4744
57604
57687
5121
8707
5136
4929
84628
132204
1490
5999
1742
815
57030
207
23237
627
11113
1312
9638
2900
5048
84152
5625
6558
1139
27185
81565
9722
26258
2596
1501
6506
1267
4155
2065
7122
2571
2572
6529
794
5816
4852
6750
7432
2066
2897
793
6863
6866
79625
5649
1268
9607
5179
5924
23316
6843
6623
6096
6330
4240
4744
57604
57687
5121
8707
5136
4929
84628
132204
1490
5999
1742
815
57030
207
23237
627
11113
1312
9638
2900
5048
84152
5625
6558
1139
27185
81565
9722
26258
2596
1501
6506
1267
4155
2065
7122
2571
2572
6529
794
5816
4852
6750
7432
2066
2897
793
6863
6866
79625
5649
1268
9607
5179
5924
23316
6843
6623
6096
6330
4240
4744
57604
57687
5121
8707
5136
4929
84628
132204
1490
5999
1742
815
57030
207
23237
627
11113
1312
9638
2900
5048
84152
5625
6558
1139
27185
81565
9722
26258
2596
1501
6506
1267
4155
2065
7122
2571
2572
6529
794
5816
4852
6750
7432
2066
2897
793
6863
6866
79625
5649
1268
9607
5179
5924
23316
6843
6623
6096
6330
4240
4744
57604
57687
5121
8707
5136
4929
84628
132204
1490
5999
1742
815
57030
207
23237
627
11113
1312
9638
2900
5048
84152
5625
6558
1139
27185
81565
9722
26258
2596
1501
6506
1267
4155
2065
7122
2571
2572
6529
794
5816
4852
6750
7432
2066
2897
793
6863
6866
79625
5649
1268
9607
5924
23316
6843
6623
6096
6330
4240
4744
57604
57687
5121
8707
5136
4929
84628
132204
1490
5999
1742
815
57030
207
23237
627
11113
1312
9638
2900
5048
84152
5625
6558
1139
27185
81565
9722
26258
